0.158635 6
0.000987 6
0.000976 6
0.001534 6
0.001190 6
0.004742 6
0.030520 57
1.370398 1
0.125144 1
0.144864 1
0.078374 1
0.193221 2
0.004404 6
0.003890 170
0.000220 226
0.000071 86
0.000176 226
0.225196 50
0.518308 614
0.000335 36
0.245011 55
1.330751 16
0.077342 16
0.167330 7
0.011297 226
0.081212 56
1.283266 58
0.000051 6
0.000172 35
0.000068 26
0.000070 6
0.000064 16
0.000110 17
0.041174 84
0.000212 8
0.001121 1023
1.542944 73
0.001458 582
0.036713 76
0.001357 583
0.091199 77
0.001476 544
3.210784 606
0.196593 79
0.000792 449
0.079181 80
0.000784 152
0.011218 81
0.000854 145
0.528170 81
0.003880 55
3.165697 94
0.000464 29
0.005819 6
0.009654 1
0.021394 6
0.042583 58
1.069197 4
1.410640 6
0.002031 6
0.003628 30
